0.000000000000000000e+00 0.000000000000000000e+00
2.824194438762566567e-02 2.397961971585191310e-07
6.085686103200185770e-02 4.606873929121658995e-06
9.100686103200186783e-02 1.516230790471560091e-05
1.210068610320018945e-01 3.484909631089848359e-05
1.510068610320019211e-01 6.706595139557673668e-05
1.810068610320019478e-01 1.109841300156507587e-04
2.110068610320019744e-01 1.723788901046435784e-04
2.410068610320020011e-01 2.459880031166622461e-04
2.710068610320012228e-01 3.374890190514789889e-04
3.017568610320001121e-01 4.444784941031593162e-04
3.325068610319990015e-01 5.644313054434489663e-04
3.632568610319978908e-01 6.976454846611690463e-04
3.940068610319967801e-01 8.348472009076166045e-04
4.247568610319956695e-01 9.807911631831561783e-04
4.555068610319945588e-01 1.123572995399703400e-03
4.862568610319934481e-01 1.264705140190371113e-03
5.170068610319935587e-01 1.398501551746603178e-03
5.477568610319947240e-01 1.518027129669245745e-03
5.785068610319958893e-01 1.626569181812254072e-03
6.092568610319970546e-01 1.711597864442720995e-03
6.400068610319982199e-01 1.780462388333237111e-03
6.707568610319993851e-01 1.823374295892910002e-03
7.015068610320005504e-01 1.844199028723722544e-03
7.322568610320017157e-01 1.843190212365175551e-03
7.630068610320028810e-01 1.816345208359430863e-03
7.937568610320040463e-01 1.775393377130528305e-03
8.245068610320052116e-01 1.709964896755115926e-03
8.552568610320063769e-01 1.637960275232760998e-03
8.860068610320075422e-01 1.549093212061959657e-03
9.167568610320087075e-01 1.458429860871766903e-03
9.475068610320098728e-01 1.363376726396525740e-03
9.782568610320110380e-01 1.268232269320712646e-03
1.009006861032012203e+00 1.182493367209963564e-03
1.039756861032013369e+00 1.096779220809432354e-03
1.070506861032014534e+00 1.031403664114360907e-03
1.101256861032015699e+00 9.665493336778741007e-04
1.132006861032016864e+00 9.270071648663225083e-04
1.162756861032018030e+00 8.899564120186942429e-04
1.193506861032019195e+00 8.764021737691918279e-04
1.224256861032020360e+00 8.685348825620553548e-04
1.255006861032021526e+00 8.768771146570042418e-04
1.285756861032022691e+00 8.941679617831682636e-04
1.316506861032023856e+00 9.174159585303987008e-04
1.347256861032025022e+00 9.515881274412829605e-04
1.378006861032026187e+00 9.810491264877901907e-04
1.408756861032027352e+00 1.021168901269589591e-03
1.439506861032028517e+00 1.047368421394426208e-03
1.470256861032029683e+00 1.081621221462200633e-03
1.501006861032030848e+00 1.095491714523638693e-03
1.531756861032032013e+00 1.113163973658640171e-03
1.562506861032033179e+00 1.107593231741421658e-03
1.593256861032034344e+00 1.100901617959296197e-03
1.624006861032035509e+00 1.072005759112454326e-03
1.654756861032036674e+00 1.037153259009354622e-03
1.685506861032037840e+00 9.847415768069467390e-04
1.716256861032039005e+00 9.220338953436768570e-04
1.747006861032040170e+00 8.493537126374461899e-04
1.777756861032041336e+00 7.630163276009238604e-04
1.808506861032042501e+00 6.761775941289821512e-04
1.839256861032043666e+00 5.740452683481861440e-04
1.870006861032044831e+00 4.810630744603722198e-04
1.900756861032045997e+00 3.737769811442692713e-04
1.931506861032047162e+00 2.831803023375933925e-04
1.962256861032048327e+00 1.828283045045980826e-04
1.993006861032049493e+00 1.023510198287225226e-04
2.023756861032050658e+00 2.072210540186858463e-05
2.054506861032051823e+00 -4.315403103519188655e-05
2.085256861032052988e+00 -9.648451192204032800e-05
2.116006861032054154e+00 -1.382168213518164546e-04
2.146756861032055319e+00 -1.578127241544657888e-04
2.177506861032056484e+00 -1.725905859068163628e-04
2.208256861032057650e+00 -1.585020168605316693e-04
2.239006861032058815e+00 -1.429380766322860263e-04
2.269756861032059980e+00 -1.004610077262185763e-04
2.300506861032061146e+00 -5.444292238763331904e-05
2.331256861032062311e+00 7.971481446406025739e-06
2.361256861032063448e+00 7.716523167511368797e-05
2.391256861032064585e+00 1.491019577833374576e-04
2.421256861032065721e+00 2.314043290932848995e-04
2.451256861032066858e+00 3.059252807126044971e-04
2.481256861032067995e+00 3.884544071504555940e-04
2.511256861032069132e+00 4.571789687867269802e-04
2.541256861032070269e+00 5.265748427368335816e-04
2.571256861032071406e+00 5.810321041309837731e-04
2.601256861032072543e+00 6.260322318900266025e-04
2.631256861032073679e+00 6.579220178234562733e-04
2.661256861032074816e+00 6.715857774990882656e-04
2.691256861032075953e+00 6.740781810704796206e-04
2.721256861032077090e+00 6.546045996806033884e-04
2.751256861032078227e+00 6.241409347693613330e-04
2.781256861032079364e+00 5.753784715175347397e-04
2.811256861032080501e+00 5.118993503938976120e-04
2.841256861032081638e+00 4.386902583717669502e-04
2.871256861032082774e+00 3.517130785279307115e-04
2.901256861032083911e+00 2.565603825454253195e-04
2.931256861032085048e+00 1.573565358678682968e-04
2.961256861032086185e+00 5.610179249629018705e-05
2.991556861032088399e+00 -4.839827371886512575e-05
3.021376861032089689e+00 -1.493792792312091666e-04
3.051736861032091408e+00 -2.433062020488476959e-04
3.082588861032092176e+00 -3.307070027923474792e-04
3.113596861032092988e+00 -4.029874441466810720e-04
3.144580861032093555e+00 -4.652334366149967707e-04
3.174940861032093942e+00 -5.096234392441938155e-04
3.205330861032095413e+00 -5.386523465540299718e-04
3.235780861032098166e+00 -5.495398073262899516e-04
3.265930861032099841e+00 -5.442797943847558356e-04
3.295930861032100978e+00 -5.222242244520749338e-04
3.325930861032102115e+00 -4.866215941898878461e-04
3.355930861032103252e+00 -4.368194482607945517e-04
3.385930861032104389e+00 -3.779016106655215534e-04
3.415930861032105526e+00 -3.077937647026525447e-04
3.445930861032106662e+00 -2.305083255194177727e-04
3.475930861032107799e+00 -1.541311324481375866e-04
3.505930861032108936e+00 -7.196945744433053127e-05
3.535930861032110073e+00 2.685685029969048232e-06
3.565930861032111210e+00 7.607340739021126175e-05
3.595930861032112347e+00 1.404464671460117775e-04
3.625930861032113484e+00 1.929695617299345689e-04
3.655930861032114620e+00 2.387706223331981237e-04
3.685930861032115757e+00 2.631702690428158742e-04
3.715930861032116894e+00 2.825612502058427733e-04
3.745930861032118031e+00 2.773339920033035533e-04
3.775930861032119168e+00 2.648685805239844870e-04
3.805930861032120305e+00 2.333358037491933823e-04
3.835930861032121442e+00 1.890711982311110706e-04
3.865930861032122579e+00 1.326166632552722158e-04
3.895930861032123715e+00 6.170317263142627295e-05
3.926080861032125391e+00 -1.302000503758393712e-05
3.956530861032126811e+00 -1.032303911948431741e-04
3.986530861032128836e+00 -1.888835465084642840e-04
4.016980861032126704e+00 -2.867374352771775992e-04
4.047430861032121463e+00 -3.726450246995666182e-04
4.077880861032119775e+00 -4.631951103858528151e-04
4.108630861032117387e+00 -5.472362779863626514e-04
4.139080861032113923e+00 -6.216278787646439818e-04
4.169140861032111012e+00 -6.874905125341806977e-04
4.199800861032110255e+00 -7.364672123746224264e-04
4.229800861032111392e+00 -7.829677650035143932e-04
4.259800861032112529e+00 -8.023015677812161961e-04
4.289800861032113666e+00 -8.210667412078959115e-04
4.319800861032114803e+00 -8.131718784625957541e-04
4.349800861032115940e+00 -8.049872047518891183e-04
4.379800861032117076e+00 -7.736268519838024327e-04
4.409800861032118213e+00 -7.424396768099389421e-04
4.439800861032119350e+00 -6.942609814763467391e-04
4.469800861032120487e+00 -6.465536480767392069e-04
4.499800861032121624e+00 -5.903304749948629082e-04
4.529800861032122761e+00 -5.353424400119655147e-04
4.559800861032123898e+00 -4.817688040383988346e-04
4.589800861032125034e+00 -4.301169091048134829e-04
4.619800861032126171e+00 -3.895739654778962446e-04
4.649800861032127308e+00 -3.510472097635747302e-04
4.679800861032128445e+00 -3.323355431027741336e-04
4.710550861032129610e+00 -3.154759375405408184e-04
4.741300861032130776e+00 -3.270466008566397242e-04
4.772050861032131941e+00 -3.402389489698953717e-04
4.802800861032133106e+00 -3.864546902174609277e-04
4.833550861032134272e+00 -4.342352308919772419e-04
4.864300861032135437e+00 -5.139823016759303975e-04
4.895050861032136602e+00 -5.964348944244302064e-04
4.925800861032137767e+00 -7.043518944031823548e-04
4.956550861032138933e+00 -8.165659209846964917e-04
4.987300861032140098e+00 -9.434747263990517219e-04
5.018050861032141263e+00 -1.075517560761476976e-03
5.048800861032142429e+00 -1.209027203849757925e-03
5.079550861032143594e+00 -1.346281713758404330e-03
5.110300861032144759e+00 -1.471448766618102533e-03
5.141050861032145924e+00 -1.596137441112130406e-03
5.171800861032147090e+00 -1.697453052813685526e-03
5.202550861032148255e+00 -1.791819363513483254e-03
5.233300861032149420e+00 -1.855928766031661459e-03
5.264050861032150586e+00 -1.905653405307974890e-03
5.294800861032151751e+00 -1.924115968901907170e-03
5.325550861032152916e+00 -1.921692904031081783e-03
5.356300861032154081e+00 -1.892978344270455915e-03
5.387050861032155247e+00 -1.839590529647217032e-03
5.417800861032156412e+00 -1.771291347240439018e-03
5.448550861032157577e+00 -1.675239573206505073e-03
5.479300861032158743e+00 -1.575181400380466779e-03
5.510050861032159908e+00 -1.457730743797923390e-03
5.540800861032161073e+00 -1.345885739857818897e-03
5.571550861032162238e+00 -1.222919733173143120e-03
5.602300861032163404e+00 -1.109753010755200331e-03
5.633050861032164569e+00 -1.006555320237335904e-03
5.663800861032165734e+00 -9.134562555941153073e-04
5.694550861032166900e+00 -8.378616481316408793e-04
5.725300861032168065e+00 -7.743003150221458575e-04
5.756050861032169230e+00 -7.366129905703663883e-04
5.786800861032170396e+00 -7.113448485118190057e-04
5.817550861032171561e+00 -7.060088788197124710e-04
5.848300861032172726e+00 -7.185410007273587696e-04
5.879050861032173891e+00 -7.399136098248937365e-04
5.909800861032175057e+00 -7.775776597436015458e-04
5.940550861032176222e+00 -8.163966159808362655e-04
5.971300861032177387e+00 -8.595881037548880332e-04
6.002050861032178553e+00 -8.988500881995931113e-04
6.032800861032179718e+00 -9.290902736062388312e-04
6.063550861032180883e+00 -9.496644983200477896e-04
6.094300861032182048e+00 -9.517656608600804508e-04
6.125050861032183214e+00 -9.350428150994901516e-04
6.155050861032180798e+00 -8.977890094134192284e-04
6.185350861032175906e+00 -8.347941917230729952e-04
6.215590861032173287e+00 -7.513396816416313337e-04
6.246040861032168046e+00 -6.421410636875063763e-04
6.276106861032165973e+00 -5.076676077058622522e-04
6.306886861032164227e+00 -3.533387251441939565e-04
6.337186861032159335e+00 -1.887240445982442914e-04
6.368086861032160151e+00 -9.846486538865606430e-07
6.398836861032161316e+00 1.987057283599283353e-04
6.429586861032162481e+00 3.995879239931908466e-04
6.460336861032163647e+00 5.982446202027150856e-04
6.491086861032164812e+00 7.919566833856778176e-04
6.521836861032165977e+00 9.740723136548064265e-04
6.552586861032167143e+00 1.139666292309729489e-03
6.583336861032168308e+00 1.286419374223343737e-03
6.614086861032169473e+00 1.407414690355070913e-03
6.644836861032170638e+00 1.503925848442437541e-03
6.675586861032171804e+00 1.571298490432422590e-03
6.706336861032172969e+00 1.610483050386572745e-03
6.737086861032174134e+00 1.623544015957219255e-03
6.767836861032175300e+00 1.608078450029484796e-03
6.798586861032176465e+00 1.573992578503345674e-03
6.829336861032177630e+00 1.517172719934234415e-03
6.860086861032178795e+00 1.449138943421718340e-03
6.890836861032179961e+00 1.370717868496150460e-03
6.921586861032181126e+00 1.286468176518285045e-03
6.952336861032182291e+00 1.207665292984598515e-03
6.983086861032183457e+00 1.127612345124796855e-03
7.013836861032184622e+00 1.065271200834480569e-03
7.044586861032185787e+00 1.008510837843562546e-03
7.075336861032186953e+00 9.736501688437440571e-04
7.106086861032188118e+00 9.536325474412826741e-04
7.136836861032189283e+00 9.512981365077249896e-04
7.167586861032190448e+00 9.718819507140499803e-04
7.198336861032191614e+00 1.002165942925549447e-03
7.229086861032192779e+00 1.057959530657737179e-03
7.259836861032193944e+00 1.115886117019078416e-03
7.290586861032195110e+00 1.193925557058744813e-03
7.321336861032196275e+00 1.269166339255542453e-03
7.352086861032197440e+00 1.352958297786727160e-03
7.382836861032198605e+00 1.431083989407597179e-03
7.413586861032199771e+00 1.503155834800748436e-03
7.444336861032200936e+00 1.567416040107683095e-03
7.475086861032202101e+00 1.612269894409573689e-03
7.505836861032203267e+00 1.647728566287337548e-03
7.536586861032204432e+00 1.654279263482230644e-03
7.567336861032205597e+00 1.650274497641393556e-03
7.598086861032206762e+00 1.613347374289655911e-03
7.628836861032207928e+00 1.566157081277178009e-03
7.659586861032209093e+00 1.487833123154175263e-03
7.690336861032210258e+00 1.400485981307778016e-03
7.721086861032211424e+00 1.288554514062081879e-03
7.751836861032212589e+00 1.169507956362489387e-03
7.782586861032213754e+00 1.036522701099606980e-03
7.813336861032214919e+00 8.983451027299027558e-04
7.844086861032216085e+00 7.590556779218243788e-04
7.874836861032217250e+00 6.159119831398024436e-04
7.905586861032218415e+00 4.850899753693072025e-04
7.936336861032219581e+00 3.514198751142089128e-04
7.967086861032220746e+00 2.416746438684558296e-04
7.997836861032221911e+00 1.301739399995061053e-04
8.028586861032222188e+00 5.027751397357338448e-05
8.059336861032223354e+00 -2.860762070042155436e-05
8.090086861032224519e+00 -7.355251962271047717e-05
8.120836861032225684e+00 -1.124738371240108226e-04
8.151586861032226849e+00 -1.214002312711764953e-04
8.182336861032228015e+00 -1.174623585796508163e-04
8.213086861032229180e+00 -9.271033053849520034e-05
8.243836861032230345e+00 -4.835816790192681847e-05
8.274586861032231511e+00 4.779242770550085062e-06
8.305336861032232676e+00 8.119157554542510979e-05
8.336086861032233841e+00 1.552187899033219409e-04
8.366836861032235007e+00 2.508219020866536697e-04
8.397586861032236172e+00 3.366608325944403513e-04
8.428336861032237337e+00 4.356923191984746202e-04
8.459086861032238502e+00 5.224686684916907131e-04
8.489836861032239668e+00 6.090889003036101257e-04
8.520586861032240833e+00 6.848033713549930845e-04
8.551336861032241998e+00 7.456666757773497411e-04
8.582086861032243164e+00 7.976712725938014947e-04
8.612836861032244329e+00 8.239095252095818278e-04
8.643586861032245494e+00 8.414551090612232276e-04
8.674336861032246659e+00 8.299872939437069608e-04
8.705086861032247825e+00 8.063704937593535460e-04
8.735836861032248990e+00 7.589343103991258443e-04
8.766586861032250155e+00 6.942228372367256761e-04
8.797336861032251321e+00 6.162651824177592386e-04
8.828086861032252486e+00 5.182057103355966476e-04
8.858836861032253651e+00 4.168261333022740822e-04
8.889586861032254816e+00 2.996557337052660475e-04
8.920336861032255982e+00 1.840875395841198858e-04
8.951086861032257147e+00 6.473370705548098236e-05
8.981836861032258312e+00 -5.281681750583799850e-05
9.012586861032259478e+00 -1.596769356284610808e-04
9.043336861032260643e+00 -2.633903393413489225e-04
9.074086861032261808e+00 -3.475727257836319639e-04
9.104836861032262973e+00 -4.202178100602971256e-04
9.135586861032264139e+00 -4.758493996311410901e-04
9.166336861032265304e+00 -5.094334335520034340e-04
9.196636861032265742e+00 -5.275081323355586271e-04
9.226636861032266879e+00 -5.210121514570547480e-04
9.257386861032262715e+00 -4.996294366220645905e-04
9.287986861032258901e+00 -4.546336910310096180e-04
9.318136861032256135e+00 -3.978436589454625860e-04
9.348286861032255146e+00 -3.236598810169204546e-04
9.379036861032256311e+00 -2.372344891384105606e-04
9.409036861032257448e+00 -1.459141127337206054e-04
