0.000000000000000000e+00;0.000000000000000000e+00
3.150000000000000716e-02;5.581998765466326951e-07
6.150000000000003381e-02;4.886023275243664421e-06
9.150000000000005351e-02;1.566148895979033867e-05
1.215000000000000802e-01;3.764664865437208907e-05
1.515000000000001068e-01;6.997120558384709033e-05
1.815000000000001334e-01;1.166519999069616509e-04
2.115000000000001601e-01;1.812159958319951858e-04
2.415000000000001867e-01;2.593243892058151590e-04
2.715000000000001856e-01;3.564601451982972458e-04
3.015000000000002123e-01;4.665731143009138604e-04
3.315000000000002389e-01;5.914460919803042616e-04
3.615000000000002656e-01;7.277477052634283294e-04
3.915000000000002922e-01;8.780047344334115933e-04
4.215000000000003189e-01;1.021570934786449059e-03
4.515000000000003455e-01;1.169651762988811738e-03
4.815000000000003721e-01;1.319014787026909219e-03
5.114999999999999547e-01;1.457777825488219825e-03
5.414999999999988711e-01;1.588388758435123338e-03
5.714999999999977875e-01;1.703081982420799612e-03
6.029999999999966498e-01;1.804290556318449701e-03
6.344999999999955120e-01;1.888354921055296343e-03
6.659999999999943743e-01;1.936858912110518693e-03
6.974999999999932365e-01;1.967712746460979767e-03
7.289999999999920988e-01;1.968473045670583732e-03
7.604999999999909610e-01;1.946809983169130176e-03
7.919999999999898233e-01;1.900297610322079778e-03
8.234999999999886855e-01;1.832691279190674927e-03
8.549999999999875477e-01;1.754001323230378051e-03
8.864999999999864100e-01;1.656353326652135194e-03
9.179999999999852722e-01;1.558505257695234902e-03
9.494999999999841345e-01;1.450455890353301303e-03
9.809999999999829967e-01;1.351106702121560033e-03
1.012499999999982858e+00;1.253588842698188932e-03
1.043999999999984052e+00;1.164922059339337790e-03
1.075499999999985246e+00;1.091816366618689194e-03
1.106999999999986439e+00;1.027169895031099234e-03
1.138499999999987633e+00;9.875191322541304606e-04
1.169999999999988827e+00;9.524205419006864792e-04
1.201499999999990020e+00;9.446884009678135907e-04
1.232999999999991214e+00;9.423172783734334867e-04
1.264499999999992408e+00;9.618646130230695812e-04
1.295999999999993602e+00;9.857758997997012607e-04
1.327420737530268235e+00;1.022934383196436037e-03
1.357497645685189047e+00;1.063763479931673084e-03
1.387280162077196399e+00;1.104462822632351626e-03
1.417581581733899254e+00;1.155186148664860690e-03
1.447557222705067925e+00;1.198010519817896413e-03
1.477551281295975016e+00;1.245765649266386554e-03
1.507514123077883461e+00;1.277567480767280439e-03
1.537742727383721419e+00;1.310954991534121761e-03
1.567783401825806999e+00;1.320199614373962493e-03
1.597888458687410029e+00;1.325607007870516219e-03
1.627900527507492701e+00;1.303880860471576253e-03
1.657897335745777356e+00;1.277947663924292043e-03
1.687944229324205070e+00;1.225442428257075833e-03
1.717993720574505723e+00;1.168557066245384801e-03
1.748007216167595468e+00;1.088400920118470783e-03
1.778041205629963484e+00;1.003592783218820728e-03
1.808057378894574629e+00;9.002412896203931814e-04
1.838074194244881943e+00;7.934921603894862230e-04
1.868049077422776039e+00;6.784666052158244698e-04
1.898080832917676597e+00;5.659467377082672002e-04
1.928088041909264749e+00;4.612827507370353963e-04
1.958109063724342347e+00;3.618506983823488454e-04
1.988124615992578725e+00;2.776179161490949232e-04
2.018135812084067560e+00;1.981493738454076503e-04
2.048146643807021050e+00;1.419006228882552234e-04
2.078163090710201555e+00;9.109900618980981690e-05
2.108180152078396485e+00;6.888814723259029105e-05
2.138200491739813192e+00;5.458535584319801348e-05
2.168200991515103926e+00;6.927711308483963659e-05
2.198221683749104649e+00;9.110495762475884218e-05
2.228227318664101286e+00;1.354102665452952547e-04
2.258241464637835261e+00;1.896603881965455707e-04
2.288243813143880701e+00;2.563831760805657112e-04
2.318250914139067920e+00;3.350908135480099026e-04
2.348260585445128612e+00;4.175200066399639698e-04
2.378269878044815044e+00;5.083969417627870468e-04
2.408277824100947484e+00;5.960103239001784958e-04
2.438290674505775080e+00;6.884979265002963422e-04
2.468304446035454180e+00;7.677236901489220555e-04
2.498309581062390983e+00;8.416750999011429757e-04
2.528301801997749010e+00;9.003148353521686631e-04
2.558317357771504597e+00;9.483666325017792165e-04
2.588343556431575987e+00;9.817397209455694385e-04
2.618351615515830400e+00;9.942608927085566650e-04
2.648359674600084812e+00;9.884022362855945931e-04
2.678364311938796760e+00;9.556550083365950021e-04
2.708380597748796248e+00;9.031351750913713117e-04
2.738396883558795736e+00;8.251003744419449504e-04
2.768413169368795224e+00;7.319577454622076818e-04
2.798429455178794711e+00;6.267997011604152513e-04
2.828445740988794199e+00;5.123683838246205491e-04
2.858462026798793687e+00;3.940554451124372859e-04
2.888478312608793175e+00;2.684787540926450444e-04
2.918494437076951886e+00;1.437588628146538317e-04
2.948505192699721889e+00;2.282323904176028484e-05
2.978513897257567322e+00;-8.746903360652355519e-05
3.008522601815412756e+00;-1.828635615691645566e-04
3.038531306373258190e+00;-2.638900918738940407e-04
3.068540010931103623e+00;-3.305440307311245662e-04
3.098537535101510976e+00;-3.845123267815471826e-04
3.128550740529663088e+00;-4.203233683123655312e-04
3.158570382667439613e+00;-4.348760411051878858e-04
3.188581711205915603e+00;-4.250837852187976801e-04
3.218597442361634364e+00;-3.929891446924132711e-04
3.248608433971760689e+00;-3.417593187584229419e-04
3.278617755257810185e+00;-2.731860614455065839e-04
3.308627076543859680e+00;-1.900133465264561283e-04
3.338612614797713984e+00;-9.616126790241291689e-05
3.368611703736729801e+00;7.149463218295015743e-06
3.398621680601119355e+00;1.176746442600462572e-04
3.428625385391955493e+00;2.278374394042714801e-04
3.458649533280207855e+00;3.370439398372657158e-04
3.488665336308104159e+00;4.337956195987063834e-04
3.518687272311306735e+00;5.193593639242419235e-04
3.548701347790459426e+00;5.867586893347348509e-04
3.578732105634416349e+00;6.344742977616758817e-04
3.608738924588825725e+00;6.650211417286444604e-04
3.638733942621916739e+00;6.686276407844859992e-04
3.668754290974086008e+00;6.533374415011450331e-04
3.698770747683945537e+00;6.080855860829820214e-04
3.728776692412817173e+00;5.457043041257880756e-04
3.758775866092844531e+00;4.577247120356592314e-04
3.788787141540876036e+00;3.527164266656640512e-04
3.818789345061433416e+00;2.326865226571842027e-04
3.848802200705059295e+00;9.786114737359019600e-05
3.878800957193215826e+00;-3.915265186651278873e-05
3.908802896801798710e+00;-1.895674943606720508e-04
3.938813887205449227e+00;-3.330853547988052443e-04
3.968813678462480787e+00;-4.800635580155462878e-04
3.998819616662585119e+00;-6.113465632200734690e-04
4.028822127006275622e+00;-7.372604082500205935e-04
4.058836268732938457e+00;-8.439101183358721503e-04
4.088842550482018723e+00;-9.339852886941363286e-04
4.118854680243063449e+00;-1.000910207210617409e-03
4.148874605083511469e+00;-1.043723254467443518e-03
4.178904211631579990e+00;-1.064707851800197891e-03
4.208915123715232021e+00;-1.052037783999593135e-03
4.238924175481175283e+00;-1.021020294903682291e-03
4.268937087953875498e+00;-9.579866955563148823e-04
4.298946472940698982e+00;-8.899742864392073960e-04
4.328962138149622163e+00;-7.950724721193097588e-04
4.358977126287396864e+00;-6.992980360374795312e-04
4.388961140916125991e+00;-5.865673795964199133e-04
4.418975790322996033e+00;-4.789012242165241462e-04
4.448992267982663229e+00;-3.663618899288623165e-04
4.478995945705042558e+00;-2.589360835863752097e-04
4.509014006770588168e+00;-1.627144493525772839e-04
4.539027508036324932e+00;-7.746658001844819452e-05
4.569041117568453103e+00;-1.709100411653730056e-05
4.599048072925471686e+00;3.276020795232870153e-05
4.629067296146688548e+00;5.014257078955752789e-05
4.659088830103859102e+00;5.413722492288164378e-05
4.689071321452077612e+00;1.896882926581688888e-05
4.719086211262796482e+00;-2.495727566650951523e-05
4.749100207850002420e+00;-1.096452036510320305e-04
4.779104804895117908e+00;-1.974195144115037381e-04
4.809127371601769951e+00;-3.261173846630521789e-04
4.839128945281171212e+00;-4.588279786182369868e-04
4.869135171108939453e+00;-6.257850165200251613e-04
4.899149273173462049e+00;-7.904138927692649919e-04
4.929172406563052888e+00;-9.799866810224766578e-04
4.959180445863953679e+00;-1.166773941806711901e-03
4.989181823538014982e+00;-1.358747165100274157e-03
5.019191197981993646e+00;-1.528375927831768233e-03
5.049190968199217089e+00;-1.684435363538794306e-03
5.079199847230939646e+00;-1.822299009035438511e-03
5.109210439901661793e+00;-1.936912325746761865e-03
5.139219173184452316e+00;-2.025907040721044994e-03
5.169230040939141624e+00;-2.081905167928790878e-03
5.199240467344680816e+00;-2.112533655408491140e-03
5.229241313525614387e+00;-2.092580377929836866e-03
5.259240971134276244e+00;-2.036510583891149029e-03
5.289250504534837916e+00;-1.934862691103558796e-03
5.319254030423877566e+00;-1.821637744510967716e-03
5.349262640777328492e+00;-1.679266467539575203e-03
5.379267447264164836e+00;-1.532946874660906511e-03
5.409272885626872807e+00;-1.373961571632130452e-03
5.439279804346887737e+00;-1.219316280352981952e-03
5.469286430798760534e+00;-1.065568027654402450e-03
5.499282833303070106e+00;-9.142796192984359305e-04
5.529293323659427273e+00;-7.912446327010408398e-04
5.559307405477984076e+00;-6.840365772153994550e-04
5.589311772633926090e+00;-6.205619136297052529e-04
5.619310715403200263e+00;-5.711598371309981048e-04
5.649322207369774418e+00;-5.677569790850864329e-04
5.679331642272242853e+00;-5.868706205232540607e-04
5.709338730470641998e+00;-6.365790327763562462e-04
5.739346005810397777e+00;-7.072482990275394399e-04
5.769346544408997524e+00;-7.929512072743019613e-04
5.799353949078810189e+00;-9.053153783032744095e-04
5.829361828099657750e+00;-1.015920268040891583e-03
5.859365723745063370e+00;-1.134528434978025052e-03
5.889377608029667144e+00;-1.241707982469506671e-03
5.919394441072100221e+00;-1.340687980006596836e-03
5.949404603950395831e+00;-1.413965485004515382e-03
5.979402263199250278e+00;-1.451650962290228913e-03
6.009406762749859077e+00;-1.457468039486892880e-03
6.039412320570505699e+00;-1.426562910229592362e-03
6.069420172158548787e+00;-1.358643652760754827e-03
6.099429856222007729e+00;-1.247411708637086863e-03
6.129431542144209821e+00;-1.101912458718884089e-03
6.159441587802485962e+00;-9.211779087206304478e-04
6.189454320048543678e+00;-7.079923069230123489e-04
6.219468579517820395e+00;-4.679973942162130029e-04
6.249480497496769260e+00;-2.099178893800492107e-04
6.279482274861623026e+00;5.759678163322549233e-05
6.309503162800204734e+00;3.256140589422322831e-04
6.339510750554436136e+00;5.860868100955570273e-04
6.369511201052589833e+00;8.309677335107323523e-04
6.399523156754614917e+00;1.053701171834666925e-03
6.429528719606809162e+00;1.246478378831562123e-03
6.459533808561666035e+00;1.403834128427646627e-03
6.489548289824153215e+00;1.524537202827927485e-03
6.519549401929896959e+00;1.605876282068881278e-03
6.549554052812203153e+00;1.644482516638651193e-03
6.579566632782331226e+00;1.644211482307967459e-03
6.609578034964014748e+00;1.607323434062831596e-03
6.639582536984462990e+00;1.543231324509057589e-03
6.669565473783666931e+00;1.448421551550126835e-03
6.699589101935079505e+00;1.335283750550260440e-03
6.729593561934802182e+00;1.215526360189803090e-03
6.759602963045518997e+00;1.087288534537371454e-03
6.789599138228147091e+00;9.678564147923354732e-04
6.819612420381916174e+00;8.493729634081459423e-04
6.849619655591788536e+00;7.648558028203814030e-04
6.879621583074917446e+00;6.959544668475661777e-04
6.909625884329710921e+00;6.602811003850531102e-04
6.939633468278259443e+00;6.549138443378565988e-04
6.969628275748460666e+00;6.801716189119844103e-04
6.999643077758057608e+00;7.483196718806456316e-04
7.029649417689283197e+00;8.269926525249007843e-04
7.059656565422911534e+00;9.456269589453031310e-04
7.089666105957292075e+00;1.071423286317305101e-03
7.119671120599043945e+00;1.230750006404747465e-03
7.149677015968519456e+00;1.386665877692830340e-03
7.179678581400576576e+00;1.554113803790689585e-03
7.209681090259054237e+00;1.720988112545722426e-03
7.239685857623851639e+00;1.876276257951975390e-03
7.269696821735954551e+00;2.014633579261723706e-03
7.299707609845523137e+00;2.114839709223229058e-03
7.329718700939062970e+00;2.201500355047014690e-03
7.359723246218194959e+00;2.238401017450319941e-03
7.389725852703763920e+00;2.251227124465127183e-03
7.419728557771428257e+00;2.212000991880833101e-03
7.449739275175905284e+00;2.154388265732817831e-03
7.479739328753239214e+00;2.041776700436537251e-03
7.509749235040449555e+00;1.907429314512446017e-03
7.539768303613040956e+00;1.740273440996628618e-03
7.569785160371420574e+00;1.570833281394942715e-03
7.599796392343129092e+00;1.378160139985609711e-03
7.629784860583743722e+00;1.184538216032607338e-03
7.659813577810110630e+00;9.928468763346909309e-04
7.689824827036864541e+00;8.106904152640204142e-04
7.719832415064575848e+00;6.427840524066003036e-04
7.749828088337280541e+00;4.811141239301763850e-04
7.779838505371039936e+00;3.626805275963873587e-04
7.809841517793794097e+00;2.576297904902241642e-04
7.839853397219290976e+00;1.983077732134047588e-04
7.869859273805933420e+00;1.399580425899410452e-04
7.899868281477119503e+00;1.411722758135891542e-04
7.929874302064507496e+00;1.488940980778896694e-04
7.959880284000456108e+00;2.107063221259281027e-04
7.989883924509529223e+00;2.642551882237331728e-04
8.019893936915957866e+00;3.664303796306056515e-04
8.049908884560061040e+00;4.648224990973226500e-04
8.079930037719174507e+00;6.000817936652469431e-04
8.109921858166375230e+00;7.188046536493464256e-04
8.139934856102701843e+00;8.596981565316824669e-04
8.169939698020472818e+00;9.888880124942628358e-04
8.199952972714967814e+00;1.115404875587561184e-03
8.229965903175411768e+00;1.215637542628072998e-03
8.259970524675530612e+00;1.292263570158769248e-03
8.289976943965040590e+00;1.355475013910714677e-03
8.319981879210182285e+00;1.379507111121516805e-03
8.349993564355081332e+00;1.380852229015488986e-03
8.380005623929784875e+00;1.333800925356967704e-03
8.410011425447800448e+00;1.277782180879802332e-03
8.440017226965816022e+00;1.169814291362980541e-03
8.470028157169512184e+00;1.048647805960312152e-03
8.500037196273069640e+00;8.894413108251619793e-04
8.530046546387913153e+00;7.403836487317461135e-04
8.560055756131456306e+00;5.709629426655510320e-04
8.590058098437154399e+00;4.011772948885466983e-04
8.620064311905279553e+00;2.333413874403902910e-04
8.650057151965375724e+00;7.304053396740839421e-05
8.680061826101029610e+00;-5.682075173619322017e-05
8.710077559020804827e+00;-1.848811837410826997e-04
8.740078201394327451e+00;-2.695962216775898979e-04
8.770078843767850074e+00;-3.483531199628547848e-04
8.800079486141372698e+00;-3.806059248387880234e-04
8.830080128514895321e+00;-3.976935843729642595e-04
8.860080770888417945e+00;-3.805199496102612544e-04
8.890081413261940568e+00;-3.283257008612414096e-04
8.920082055635463192e+00;-2.560367687126155478e-04
8.950082698008985815e+00;-1.465381302947627029e-04
8.980096412595905520e+00;-3.109281237136801712e-05
