9.424777960769370813e-03 1.681478106272298333e-08
1.884955592153876244e-02 1.368495644899087866e-07
2.827433388230847500e-02 5.241405320378135140e-07
3.769911184307766366e-02 1.313835350839526049e-06
4.712388980384644988e-02 2.497075259658575658e-06
5.654866776461618672e-02 4.018326093863012885e-06
6.597344572538518803e-02 5.966779196117200256e-06
7.539822368615398118e-02 8.669530110966036760e-06
8.482300164692495315e-02 1.245263623076897497e-05
9.424777960769414875e-02 1.727976688825179694e-05
1.036725575684642464e-01 2.287116125568639763e-05
1.130973355292342608e-01 2.910094536098926474e-05
1.225221134900025960e-01 3.628848543280285724e-05
1.319468914507720692e-01 4.502255396332681989e-05
1.413716694115416117e-01 5.548128712758281775e-05
1.507964473723105159e-01 6.727333504813988517e-05
1.602212253330813629e-01 7.994311390977250071e-05
1.696460032938492124e-01 9.353466411922769933e-05
1.790707812546207534e-01 1.087491868104999561e-04
1.884955592153873261e-01 1.261560139032676055e-04
1.979203371761550923e-01 1.455236218095641207e-04
2.073451151369239687e-01 1.661576229138838874e-04
2.167698930976936778e-01 1.876356843020183856e-04
2.261946710584648856e-01 2.104403338458508369e-04
2.356194490192357049e-01 2.354707602781105891e-04
2.450442269800064965e-01 2.629132757932816939e-04
2.544690049407756782e-01 2.921123795848508268e-04
2.638937829015469139e-01 3.222199484155860829e-04
2.733185608623175944e-01 3.531903992454153447e-04
2.827433388230864986e-01 3.859548137295016257e-04
2.921681167838534043e-01 4.211878867824299356e-04
3.015928947446276376e-01 4.585793637595432948e-04
3.110176727053950430e-01 4.971160390533059742e-04
3.204424506661616712e-01 5.361115492083461500e-04
3.298672286269344611e-01 5.761408485447134945e-04
3.392920065877019775e-01 6.182087797361952896e-04
3.487167845484777096e-01 6.625465144581688505e-04
3.581415625092477240e-01 7.083458957303658378e-04
3.675663404700147407e-01 7.544227888621219281e-04
3.769911184307854213e-01 8.006736104047108360e-04
3.864158963915594325e-01 8.480798487561476764e-04
3.958406743523277260e-01 8.974070618996165313e-04
4.052654523130924669e-01 9.484046053272373591e-04
4.146902302738617041e-01 9.997811226715486339e-04
4.241150082346307193e-01 1.050658832604474402e-03
4.335397861953992904e-01 1.101555468527761882e-03
4.429645641561724689e-01 1.153496928029604501e-03
4.523893421169395967e-01 1.206950405149761867e-03
4.618141200777079458e-01 1.261036964887526316e-03
4.712388980384715209e-01 1.314353969560195026e-03
4.806636759992322649e-01 1.366646713495490344e-03
4.900884539600035561e-01 1.418734645312240547e-03
4.995132319207697957e-01 1.471628725243229619e-03
5.089380098815364795e-01 1.525264083494185874e-03
5.183627878422999435e-01 1.578249463915918152e-03
5.277875658030620754e-01 1.629580687978209605e-03
5.372123437638269827e-01 1.679438549784785517e-03
5.466371217245941105e-01 1.728906078758267375e-03
5.560618996853677887e-01 1.778787704396587706e-03
5.654866776461358047e-01 1.828288392271679294e-03
5.749114556069047088e-01 1.876039100938021098e-03
5.843362335676884900e-01 1.921416296503009437e-03
5.937610115284517320e-01 1.965015548330291840e-03
6.031857894892154182e-01 2.008164054739823134e-03
6.126105674499847664e-01 2.051021442834882139e-03
6.220353454107605540e-01 2.092449297669456924e-03
6.314601233715304573e-01 2.131226922036967564e-03
6.408849013322988064e-01 2.167063159892378740e-03
6.503096792930679326e-01 2.201181083427488413e-03
6.597344572538232921e-01 2.234646618927453848e-03
6.691592352146011891e-01 2.267119727493291468e-03
6.785840131753725357e-01 2.297338450005003210e-03
6.880087911361488784e-01 2.324092208515461232e-03
6.974335690969264423e-01 2.347819688080339789e-03
7.068583470576991212e-01 2.369974501666257966e-03
7.162831250184769072e-01 2.391261073876143044e-03
7.257079029792453673e-01 2.411115404899105696e-03
7.351326809400091644e-01 2.427891598503887239e-03
7.445574589007772914e-01 2.440858677347592688e-03
7.539822368615494153e-01 2.451019018537432467e-03
7.634070148223248697e-01 2.459768992190042997e-03
7.728317927830974376e-01 2.467759081468034934e-03
7.822565707438712268e-01 2.473816452490315392e-03
7.916813487046431286e-01 2.476304819708243475e-03
8.011061266654105895e-01 2.475081334520637822e-03
8.105309046261741646e-01 2.471334199738415421e-03
8.199556825869500631e-01 2.466762035081170989e-03
8.293804605477216318e-01 2.461509749383895829e-03
8.388052385084845408e-01 2.453968464281532872e-03
8.482300164692719857e-01 2.442827873904482045e-03
8.576547944300552118e-01 2.428117075331455519e-03
8.670795723908187869e-01 2.411643927388560683e-03
8.765043503515876910e-01 2.395024712700931629e-03
8.859291283123525984e-01 2.377809472898412962e-03
8.953539062731251663e-01 2.358381177511246693e-03
9.047786842338979563e-01 2.335291541193183773e-03
9.142034621946659723e-01 2.309198719478094443e-03
9.236282401554292143e-01 2.282319267989960619e-03
9.330530181161896808e-01 2.255883907035259595e-03
9.424777960769619156e-01 2.229336911890478657e-03
9.519025740377375921e-01 2.200544750434240381e-03
9.613273519985041649e-01 2.168321264496176227e-03
9.707521299592727360e-01 2.133953996136852757e-03
9.801769079200396417e-01 2.099616919760624329e-03
9.896016858808088790e-01 2.066684482888086344e-03
9.990264638415720100e-01 2.033969685908783385e-03
1.008451241802335252e+00 1.999095292593996119e-03
1.017876019763121365e+00 1.961336694380024989e-03
1.027300797723884163e+00 1.922064150156377587e-03
1.036725575684650069e+00 1.883969732672131393e-03
1.046150353645415754e+00 1.848079164401701105e-03
1.055575131606189876e+00 1.812683479618445049e-03
1.064999909566945568e+00 1.775529419880628396e-03
1.074424687527712363e+00 1.735743636527819047e-03
1.083849465488469832e+00 1.695346330985946252e-03
1.093274243449242178e+00 1.657125227526300495e-03
1.102699021410000979e+00 1.621686343906000903e-03
1.112123799370773325e+00 1.587302898373735716e-03
1.121548577331544783e+00 1.551213209242350080e-03
1.130973355292305360e+00 1.512964167976724866e-03
1.140398133253071933e+00 1.474912456473910852e-03
1.149822911213840726e+00 1.439682620605140483e-03
1.159247689174606410e+00 1.408037288833810389e-03
1.168672467135350113e+00 1.377579608584521406e-03
1.178097245096126455e+00 1.345598313186068592e-03
1.187522023056913456e+00 1.311909288225922288e-03
1.196946801017690243e+00 1.278808724047764437e-03
1.206371578978451264e+00 1.249376523004747759e-03
1.215796356939218947e+00 1.223847574770476785e-03
1.225221134899989961e+00 1.199653732515924397e-03
1.234645912860761197e+00 1.174150904530924661e-03
1.244070690821536873e+00 1.146935384993438790e-03
1.253495468782283684e+00 1.120901506733628684e-03
1.262920246743048924e+00 1.098879900173786294e-03
1.272345024703815719e+00 1.080976930577028181e-03
1.281769802664579183e+00 1.064626631893283515e-03
1.291194580625335542e+00 1.046714040463674533e-03
1.300619358586127872e+00 1.027325689241966825e-03
1.310044136546864024e+00 1.009247288450802532e-03
1.319468914507620827e+00 9.953135017629706396e-04
1.328893692468390064e+00 9.857798502085036389e-04
1.338318470429149087e+00 9.775084115482095531e-04
1.347743248389911885e+00 9.677012937945334708e-04
1.357168026350674239e+00 9.562918024000719060e-04
1.366592804311439480e+00 9.460735872542028061e-04
1.376017582272183182e+00 9.402128653878936721e-04
1.385442360232991277e+00 9.384658007879090541e-04
1.394867138193776723e+00 9.379594207514763398e-04
1.404291916154551512e+00 9.356777820004857351e-04
1.413716694115328742e+00 9.314320165339879873e-04
1.423141472076078218e+00 9.283979807279030445e-04
1.432566250036835687e+00 9.293267342633914751e-04
1.441991027997623354e+00 9.343041084058449066e-04
1.451415805958377270e+00 9.402996940959962996e-04
1.460840583919144953e+00 9.440756044626984851e-04
1.470265361879977029e+00 9.457778130525431193e-04
1.479690139840792673e+00 9.481310166419096991e-04
1.489114917801552584e+00 9.542239570562700921e-04
1.498539695762311164e+00 9.641053513640983385e-04
1.507964473723087062e+00 9.745480342779283631e-04
1.517389251683840090e+00 9.826772634268915712e-04
1.526814029644520065e+00 9.881374153897209273e-04
1.536238807605331269e+00 9.938943058200441424e-04
1.545663585566152687e+00 1.003018617904103370e-03
1.555088363526952122e+00 1.015379186286280953e-03
1.564513141487693382e+00 1.028215733004092611e-03
1.573937919448485934e+00 1.038210021394746999e-03
1.583362697409263165e+00 1.045191509667086748e-03
1.592787475370037509e+00 1.052067912367046342e-03
1.602212253330842939e+00 1.061646253867314614e-03
1.611637031291641042e+00 1.074304394150131904e-03
1.621061809252398289e+00 1.086941587165262497e-03
1.630486587213156646e+00 1.096468000338946718e-03
1.639911365173931657e+00 1.102682895489917689e-03
1.649336143134725763e+00 1.108122755226868686e-03
1.658760921095487451e+00 1.116038771317344816e-03
1.668185699056244253e+00 1.126493536407055822e-03
1.677610477016966861e+00 1.136670558293442074e-03
1.687035254977780951e+00 1.143574484379234054e-03
1.696460032938555740e+00 1.146622822636878675e-03
1.705884810899291004e+00 1.148731576364742449e-03
1.715309588860053136e+00 1.152774117634403593e-03
1.724734366820824150e+00 1.159044946438822412e-03
1.734159144781592721e+00 1.164920551050974877e-03
1.743583922742333980e+00 1.167086795729135699e-03
1.753008700703078127e+00 1.165376962845086732e-03
1.762433478663848474e+00 1.162318174223612825e-03
1.771858256624632588e+00 1.160909101318128916e-03
1.781283034585407599e+00 1.161637798888552620e-03
1.790707812546158406e+00 1.161566561665245290e-03
1.800132590506919428e+00 1.157853456169868293e-03
1.809557368467687111e+00 1.150020692925057906e-03
1.818982146428457902e+00 1.140676410177285122e-03
1.828406924389210930e+00 1.133005228271667707e-03
1.837831702349969731e+00 1.127113223232507032e-03
1.847256480310758731e+00 1.120511760549440083e-03
1.856681258271541735e+00 1.110124264819160834e-03
1.866106036232317189e+00 1.095571042582236393e-03
1.875530814193091311e+00 1.079723429405962925e-03
1.884955592153875426e+00 1.065342162871560144e-03
1.894380370114619572e+00 1.052882670793994779e-03
1.903805148075366382e+00 1.039600522913909988e-03
1.913229926036152939e+00 1.022478916784465893e-03
1.922654703996888648e+00 1.001539670612662265e-03
1.932079481957651446e+00 9.793232634262333432e-04
1.941504259918398922e+00 9.589109962421111513e-04
1.950929037879164829e+00 9.404356317042538924e-04
1.960353815839949831e+00 9.210121888911253132e-04
1.969778593800728173e+00 8.980426001487343572e-04
1.979203371761485197e+00 8.713542127884610789e-04
1.988628149722244220e+00 8.439426772755724082e-04
1.998052927683025226e+00 8.186663367002843103e-04
2.007477705643816890e+00 7.952879704513492621e-04
2.016902483604586127e+00 7.711580569450890302e-04
2.026327261565351368e+00 7.434458340635293101e-04
2.035752039526145918e+00 7.125633652804266079e-04
2.045176817486932030e+00 6.816092275972710120e-04
2.054601595447680840e+00 6.530588461050337813e-04
2.064026373408449189e+00 6.267054245794421042e-04
2.073451151369224199e+00 5.993993735346859553e-04
2.082875929330002318e+00 5.687641294184694624e-04
2.092300707290750239e+00 5.356558614666669972e-04
2.101725485251554115e+00 5.030603320134446757e-04
2.111150263212310030e+00 4.735422733956429035e-04
2.120575041173118791e+00 4.461307129236260442e-04
2.129999819133924444e+00 4.176695538497769830e-04
2.139424597094714997e+00 3.862634040565005771e-04
2.148849375055480238e+00 3.529513475214703165e-04
2.158274153016250363e+00 3.211910358676911092e-04
2.167698930977023153e+00 2.928780315611868206e-04
2.177123708937800384e+00 2.665328931583703853e-04
2.186548486898573618e+00 2.391411980909053932e-04
2.195973264859321539e+00 2.089645448753012778e-04
2.205398042820093440e+00 1.779084707285579175e-04
2.214822820780860013e+00 1.492765237813600799e-04
2.224247598741634580e+00 1.242925190150300321e-04
2.233672376702381612e+00 1.011836401252737207e-04
2.243097154663142856e+00 7.667624037810793071e-05
2.252521932623912093e+00 4.993937825926650365e-05
2.261946710584691100e+00 2.337672619586721138e-05
2.271371488545451012e+00 -8.098433266541107635e-08
2.280796266506207370e+00 -1.966490312606161665e-05
2.290221044466952627e+00 -3.797103065674093926e-05
2.299645822427740516e+00 -5.783268834630852595e-05
2.309070600388551497e+00 -7.919602336442999795e-05
2.318495378349297642e+00 -9.946795597372226313e-05
2.327920156310064215e+00 -1.158593146352043682e-04
2.337344934270829899e+00 -1.287153648526460914e-04
2.346769712231588478e+00 -1.409819185280609412e-04
2.356194490192400348e+00 -1.547563734890399954e-04
2.365619268153171806e+00 -1.693849103650503691e-04
2.375044046113959251e+00 -1.817903819963031663e-04
2.384468824074708504e+00 -1.900237897666911657e-04
2.393893602035491508e+00 -1.954410990905480511e-04
2.403318379996236764e+00 -2.008451242488734027e-04
2.412743157957009110e+00 -2.077829587959201241e-04
2.422167935917768578e+00 -2.145972198022662509e-04
2.431592713878556911e+00 -2.183020992003905758e-04
2.441017491839312381e+00 -2.181086253810675217e-04
2.450442269800094941e+00 -2.158913137765512474e-04
2.459867047760865066e+00 -2.143997027599354956e-04
2.469291825721628975e+00 -2.141238321529340810e-04
2.478716603682378672e+00 -2.126652750879849002e-04
2.488141381643148797e+00 -2.077695874213515606e-04
2.497566159603913150e+00 -1.994970535259738323e-04
2.506990937564703259e+00 -1.903028939775567717e-04
2.516415715525461838e+00 -1.823649615879878558e-04
2.525840493486254168e+00 -1.749525737498626172e-04
2.535265271446963453e+00 -1.656666566704817403e-04
2.544690049407745569e+00 -1.529489066714671526e-04
2.554114827368492602e+00 -1.378257491263361616e-04
2.563539605329289373e+00 -1.229477138824261147e-04
2.572964383290064383e+00 -1.093432792517390963e-04
2.582389161250816745e+00 -9.563019334976687903e-05
2.591813939211602413e+00 -7.961719976996389737e-05
2.601238717172378756e+00 -6.066260510318088265e-05
2.610663495133159095e+00 -4.066748776226621412e-05
2.620088273093950981e+00 -2.166867837291445217e-05
2.629513051054712669e+00 -3.735705583267203005e-06
2.638937829015519654e+00 1.486231091470987246e-05
2.648362606976351064e+00 3.583819816635911370e-05
2.657787384937105646e+00 5.865656711052701165e-05
2.667212162897847794e+00 8.129210078290747144e-05
2.676636940858622360e+00 1.025404411921893266e-04
2.686061718819376498e+00 1.230417848830691588e-04
2.695486496780128860e+00 1.446522065928724176e-04
2.704911274740860794e+00 1.680907415821230190e-04
2.714336052701574520e+00 1.920994049361194310e-04
2.723760830662364629e+00 2.150463639749388800e-04
2.733185608623111218e+00 2.364639457811067678e-04
2.742610386583872462e+00 2.575891364255395019e-04
2.752035164544645252e+00 2.798038347323998100e-04
2.761459942505379406e+00 3.028734079163064173e-04
2.770884720466151752e+00 3.254361386365674691e-04
2.780309498426917436e+00 3.463583187006286112e-04
2.789734276387668466e+00 3.659389393214199679e-04
2.799159054348444808e+00 3.855140663277410924e-04
2.808583832309213602e+00 4.056489022185620565e-04
2.818008610269987724e+00 4.256501673244824139e-04
2.827433388230784939e+00 4.443186700255624547e-04
2.836858166191594144e+00 4.611754526437671694e-04
2.846282944152402905e+00 4.770229256222136569e-04
2.855707722113160152e+00 4.927423569706825121e-04
2.865132500073951594e+00 5.083076284760258299e-04
2.874557278034710173e+00 5.228992266967771906e-04
2.883982055995462535e+00 5.357039136307002866e-04
2.893406833956182034e+00 5.468883656637544156e-04
2.902831611916938392e+00 5.572046720919915982e-04
2.912256389877733387e+00 5.670142343540411807e-04
2.921681167838549253e+00 5.760011811514901062e-04
2.931105945799346024e+00 5.834510556381591407e-04
2.940530723760093057e+00 5.891060353002895407e-04
2.949955501720886275e+00 5.933782031138907067e-04
2.959380279681684378e+00 5.966922501776887990e-04
2.968805057642452283e+00 5.990922247724652511e-04
2.978229835603244613e+00 6.001819721772750759e-04
2.987654613564003636e+00 5.995942665048462463e-04
2.997079391524748448e+00 5.974311831145574184e-04
3.006504169485516353e+00 5.939792340433203274e-04
3.015928947446198105e+00 5.894051285160454472e-04
3.025353725406972227e+00 5.836172304928177908e-04
3.034778503367745905e+00 5.763815062707929168e-04
3.044203281328492938e+00 5.676588241491259705e-04
3.053628059289286156e+00 5.575546743034917683e-04
3.063052837250062055e+00 5.461639941020747556e-04
3.072477615210821078e+00 5.335364623370275313e-04
3.081902393171524590e+00 5.196583599644672953e-04
3.091327171132343121e+00 5.045510883262353244e-04
3.100751949093076387e+00 4.882336038007761684e-04
3.110176727053908241e+00 4.706524956453840623e-04
3.119601505014622411e+00 4.517933891055547725e-04
3.129026282975316597e+00 4.317711278440556646e-04
3.138451060936103598e+00 4.107902136409326515e-04
3.147875838896875944e+00 3.889534072461019003e-04
3.157300616857666054e+00 3.661337974257109526e-04
3.166725394818417971e+00 3.421355826861070229e-04
3.176150172779157455e+00 3.169992433527552564e-04
3.185574950739901823e+00 2.910700160074028583e-04
3.194999728700675945e+00 2.646631843682140518e-04
3.204424506661395444e+00 2.377474123337080158e-04
3.213849284622154467e+00 2.099939418402239010e-04
3.223274062582906829e+00 1.812036061761165785e-04
3.232698840543665852e+00 1.516826786106803874e-04
3.242123618504437754e+00 1.219584221837253439e-04
3.251548396465194557e+00 9.224358547206311452e-05
3.260973174425972232e+00 6.224649646204473300e-05
3.270397952386762785e+00 3.150511212978216840e-05
3.279822730347530690e+00 7.742302830859436546e-08
3.289247508308311030e+00 -3.142717466467501240e-05
3.298672286269096698e+00 -6.249616204712690314e-05
3.308097064229846840e+00 -9.318790934361085546e-05
3.317521842190590764e+00 -1.240995982714337422e-04
3.326946620151376433e+00 -1.555640987632828337e-04
3.336371398112150555e+00 -1.871092285466071769e-04
3.345796176072929562e+00 -2.179836287373525900e-04
3.355220954033693914e+00 -2.478634248828911536e-04
3.364645731994463151e+00 -2.772383447742372809e-04
3.374070509955252817e+00 -3.068319604155656292e-04
3.383495287916042038e+00 -3.365606243269784244e-04
3.392920065876778857e+00 -3.656289317997014204e-04
3.402344843837513011e+00 -3.932980605337511762e-04
3.411769621798306229e+00 -4.196636258445478134e-04
3.421194399759083016e+00 -4.456377948188563771e-04
3.430619177719888668e+00 -4.716954214798071672e-04
3.440043955680680998e+00 -4.973035858620389413e-04
3.449468733641412044e+00 -5.214623555610139972e-04
3.458893511602211923e+00 -5.436744200123938553e-04
3.468318289562989598e+00 -5.646641448230449271e-04
3.477743067523752174e+00 -5.854157331713771709e-04
3.487167845484511197e+00 -6.059564462476686427e-04
3.496592623445279990e+00 -6.253615296162184532e-04
3.506017401405996381e+00 -6.425678436778610014e-04
3.515442179366768727e+00 -6.577130291949192511e-04
3.524866957327562389e+00 -6.719809305363794779e-04
3.534291735288359604e+00 -6.860885254900072564e-04
3.543716513249153710e+00 -6.995919478887801125e-04
3.553141291209897634e+00 -7.111576822863114548e-04
3.562566069170671756e+00 -7.200982318728242886e-04
3.571990847131388591e+00 -7.273090800957891441e-04
3.581415625092120081e+00 -7.340562165341284846e-04
3.590840403052896423e+00 -7.406994023558725144e-04
3.600265181013659888e+00 -7.461477535233908840e-04
3.609689958974433566e+00 -7.489578051927725565e-04
3.619114736935229004e+00 -7.492283074925600635e-04
3.628539514896012008e+00 -7.483227589497440293e-04
3.637964292856808779e+00 -7.474644409545992078e-04
3.647389070817588674e+00 -7.463946680981056432e-04
3.656813848778328158e+00 -7.433901761753774779e-04
3.666238626739084072e+00 -7.374811911046596667e-04
3.675663404699838654e+00 -7.294624245537224220e-04
3.685088182660607892e+00 -7.210455934420224302e-04
3.694512960621372688e+00 -7.131773854705224236e-04
3.703937738582165906e+00 -7.046544465010558343e-04
3.713362516542900504e+00 -6.936723105563424646e-04
3.722787294503669742e+00 -6.798924272084812389e-04
3.732212072464447861e+00 -6.647366052500254183e-04
3.741636850425179350e+00 -6.501924096659611593e-04
3.751061628385971680e+00 -6.363451286408685400e-04
3.760486406346747579e+00 -6.213421589897236098e-04
3.769911184307449314e+00 -6.036400690869670642e-04
3.779335962268167926e+00 -5.835136790372096212e-04
3.788760740228925172e+00 -5.631894121038648858e-04
3.798185518189697962e+00 -5.443026249538798593e-04
3.807610296150437890e+00 -5.259969083948903791e-04
3.817035074111192028e+00 -5.061695020343026912e-04
3.826459852071967038e+00 -4.835175234922740916e-04
3.835884630032716736e+00 -4.593332480374744857e-04
3.845309407993522832e+00 -4.362222619379763533e-04
3.854734185954299175e+00 -4.150398171032978600e-04
3.864158963915104383e+00 -3.943199885079287409e-04
3.873583741875898045e+00 -3.716145534477338598e-04
3.883008519836657069e+00 -3.463602225714589684e-04
3.892433297797444514e+00 -3.208224012760914150e-04
3.901858075758198652e+00 -2.973689338477460966e-04
3.911282853718934138e+00 -2.762835551591092732e-04
3.920707631679736682e+00 -2.552736498036682644e-04
3.930132409640518354e+00 -2.319324730623887015e-04
3.939557187601313792e+00 -2.067999755458438372e-04
3.948981965562105678e+00 -1.825074001138481876e-04
3.958406743522901117e+00 -1.613034114314314423e-04
3.967831521483681456e+00 -1.426046400334577433e-04
3.977256299444434706e+00 -1.233850341683629076e-04
3.986681077405219487e+00 -1.019314893110795665e-04
3.996105855366001158e+00 -7.942579726835126549e-05
4.005530633326778833e+00 -5.894970013429279363e-05
4.014955411287560949e+00 -4.237366186641675807e-05
4.024380189248368822e+00 -2.796371054585475879e-05
4.033804967209155379e+00 -1.270921755178510048e-05
4.043229745169905520e+00 4.668416991024810833e-06
4.052654523130619246e+00 2.225237561273965862e-05
4.062079301091447547e+00 3.658544006293975198e-05
4.071504079052226110e+00 4.679425274163665345e-05
4.080928857013000233e+00 5.512364589476531889e-05
4.090353634973792119e+00 6.466975143152022486e-05
4.099778412934568905e+00 7.619828917661451641e-05
4.109203190895359903e+00 8.683041263330634220e-05
4.118627968856187316e+00 9.351282562081240750e-05
4.128052746816972096e+00 9.594271510478866833e-05
4.137477524777777305e+00 9.689274590791337725e-05
4.146902302738562973e+00 9.957807073691045722e-05
4.156327080699313115e+00 1.037297523425545433e-04
4.165751858659976214e+00 1.062635113409060551e-04
4.175176636620799187e+00 1.043150118922772494e-04
4.184601414581548440e+00 9.810706266034558191e-05
4.194026192542319897e+00 9.116257649269471960e-05
4.203450970503110007e+00 8.608605822063636261e-05
4.212875748463843273e+00 8.217952465162281950e-05
4.222300526424659139e+00 7.610861326514639885e-05
4.231725304385419051e+00 6.508333517940182540e-05
4.241150082346154981e+00 5.030830776133440906e-05
4.250574860306931768e+00 3.525226813535209099e-05
4.259999638267671251e+00 2.229801010195855152e-05
4.269424416228507546e+00 1.037815160626090733e-05
4.278849194189272787e+00 -4.327359853271306574e-06
4.288273972150024704e+00 -2.386633172518895217e-05
4.297698750110782839e+00 -4.679198149261205798e-05
4.307123528071592489e+00 -6.950062709506814264e-05
4.316548306032403026e+00 -8.969643065314529572e-05
4.325973083993141621e+00 -1.092167691307969536e-04
4.335397861953948606e+00 -1.315663457224993283e-04
4.344822639914700524e+00 -1.586383692950822069e-04
4.354247417875565240e+00 -1.887099004577300933e-04
4.363672195836358014e+00 -2.178404174381533135e-04
4.373096973797169440e+00 -2.444138200353562621e-04
4.382521751757941786e+00 -2.702031388775498694e-04
4.391946529718747882e+00 -2.987880986487450696e-04
4.401371307679531775e+00 -3.319494890875690583e-04
4.410796085640281916e+00 -3.673780174099451406e-04
4.420220863601062256e+00 -4.015735969564021828e-04
4.429645641561856806e+00 -4.328569576356309677e-04
4.439070419522651356e+00 -4.631822227659555011e-04
4.448495197483397057e+00 -4.962891080121845013e-04
4.457919975444188054e+00 -5.333604441029603281e-04
4.467344753404962177e+00 -5.723661977234548387e-04
4.476769531365760280e+00 -6.096407495261820571e-04
4.486194309326557494e+00 -6.436178954514381245e-04
4.495619087287332505e+00 -6.765989676257345726e-04
4.505043865248060442e+00 -7.118232244559580431e-04
4.514468643208783938e+00 -7.507338483914087306e-04
4.523893421169604245e+00 -7.910912458071804425e-04
4.533318199130426329e+00 -8.292118766344624492e-04
4.542742977091117851e+00 -8.639380662384705135e-04
4.552167755051854670e+00 -8.971270330507135921e-04
4.561592533012666983e+00 -9.322966261679955938e-04
4.571017310973364722e+00 -9.707126883736804171e-04
4.580442088934275624e+00 -1.010036280785925073e-03
4.589866866894942277e+00 -1.047031393504319107e-03
4.599291644855648009e+00 -1.080125402545140589e-03
4.608716422816320879e+00 -1.111442562577713176e-03
4.618141200777009736e+00 -1.144338547787416074e-03
4.627565978737898433e+00 -1.179905090074423370e-03
4.636990756698559757e+00 -1.216291195182742351e-03
4.646415534659253943e+00 -1.249907437856506015e-03
4.655840312619983656e+00 -1.279469886537819160e-03
4.665265090580700935e+00 -1.306955027542455131e-03
4.674689868541531013e+00 -1.335436001103445635e-03
4.684114646502076873e+00 -1.366471613333222713e-03
4.693539424462837673e+00 -1.397910103552490839e-03
4.702964202423498108e+00 -1.426523796486270455e-03
4.712388980384671022e+00 -1.450963918855167510e-03
4.721813758345413170e+00 -1.472840377416292229e-03
4.731238536306168641e+00 -1.495597591079796855e-03
4.740663314266932105e+00 -1.520455624223264858e-03
4.750088092227684022e+00 -1.545674453488591216e-03
4.759512870188649991e+00 -1.568119893077264465e-03
4.768937648149345065e+00 -1.586112770835750464e-03
4.778362426110263961e+00 -1.601572436728098455e-03
4.787787204071138447e+00 -1.617480191249642341e-03
4.797211982031816646e+00 -1.635379788801444257e-03
4.806636759992550800e+00 -1.653724800657562465e-03
4.816061537953357785e+00 -1.669168793906337109e-03
4.825486315914194080e+00 -1.680422509984199177e-03
4.834911093874866062e+00 -1.688896749245973484e-03
4.844335871835584229e+00 -1.697738707362455354e-03
4.853760649796322824e+00 -1.708636155173140101e-03
4.863185427757075630e+00 -1.719861204580024842e-03
4.872610205717817777e+00 -1.728582004595246267e-03
4.882034983678523510e+00 -1.733092135289274020e-03
4.891459761639294967e+00 -1.734903384441838703e-03
4.900884539600188994e+00 -1.737222033346840118e-03
4.910309317560997755e+00 -1.741458258610735672e-03
4.919734095521833162e+00 -1.746424043496581230e-03
4.929158873482597514e+00 -1.748985434038449055e-03
4.938583651443401834e+00 -1.747582100116339826e-03
4.948008429404144870e+00 -1.743801302327094901e-03
4.957433207364821293e+00 -1.740467828188970627e-03
4.966857985325710878e+00 -1.739444263598391958e-03
4.976282763286469013e+00 -1.739252814251999752e-03
4.985707541247367480e+00 -1.736933174939354202e-03
4.995132319208184235e+00 -1.731110875763287741e-03
5.004557097169004543e+00 -1.723004586639909378e-03
5.013981875129767118e+00 -1.715836901856595577e-03
5.023406653090544793e+00 -1.711124435821606300e-03
5.032831431051350002e+00 -1.707462189988542128e-03
5.042256209012173862e+00 -1.702124036529734270e-03
5.051680986972902687e+00 -1.693427134785709023e-03
5.061105764933587103e+00 -1.683046975602939688e-03
5.070530542894385206e+00 -1.673900322796449810e-03
5.079955320855068734e+00 -1.667444492565676095e-03
5.089380098815897036e+00 -1.662441514530406308e-03
5.098804876776639183e+00 -1.655813554931877263e-03
5.108229654737356462e+00 -1.646389290313154648e-03
5.117654432698151901e+00 -1.635702432335760237e-03
5.127079210658999742e+00 -1.626595028716027163e-03
5.136503988619758765e+00 -1.620632143602471816e-03
5.145928766580579072e+00 -1.616060432828025049e-03
5.155353544541415367e+00 -1.610217050450411802e-03
5.164778322502178831e+00 -1.601945680754175054e-03
5.174203100462969829e+00 -1.592823116690299506e-03
5.183627878423799906e+00 -1.585908922605788448e-03
5.193052656384549159e+00 -1.582125932982098460e-03
5.202477434345273544e+00 -1.579867389004552519e-03
5.211902212305996152e+00 -1.576454120439667057e-03
5.221326990266839552e+00 -1.570846084712984765e-03
5.230751768227607457e+00 -1.565115201931162282e-03
5.240176546188319406e+00 -1.561800013125069948e-03
5.249601324149110404e+00 -1.561743772261972672e-03
5.259026102109888967e+00 -1.563111423628354892e-03
5.268450880070625786e+00 -1.563160254796311507e-03
5.277875658031372375e+00 -1.561546319710800830e-03
5.287300435992130510e+00 -1.560160799790651347e-03
5.296725213952918843e+00 -1.561502090074225841e-03
5.306149991913777342e+00 -1.566046943543672422e-03
5.315574769874511496e+00 -1.571500983864682847e-03
5.324999547835262526e+00 -1.575713726984711866e-03
5.334424325796017996e+00 -1.578459859929362465e-03
5.343849103756806329e+00 -1.581861512262592749e-03
5.353273881717621308e+00 -1.588224863581547694e-03
5.362698659678451385e+00 -1.597234728596664231e-03
5.372123437639181986e+00 -1.606789693037220454e-03
5.381548215599964102e+00 -1.614860836843372890e-03
5.390972993560732007e+00 -1.621679997553616970e-03
5.400397771521471491e+00 -1.629641372869591789e-03
5.409822549482205645e+00 -1.640286275973441930e-03
5.419247327442866080e+00 -1.653087096872095331e-03
5.428672105403672177e+00 -1.665767859974132126e-03
5.438096883364384126e+00 -1.676655218292397598e-03
5.447521661325131603e+00 -1.686697060290938497e-03
5.456946439285987438e+00 -1.697913810893233533e-03
5.466371217246750902e+00 -1.711527860408363277e-03
5.475795995207506373e+00 -1.726525393573795754e-03
5.485220773168239639e+00 -1.740552475853549084e-03
5.494645551129108796e+00 -1.752774749549424827e-03
5.504070329089907787e+00 -1.764252893686953441e-03
5.513495107050733424e+00 -1.776917166787086349e-03
5.522919885011607022e+00 -1.791463891838385994e-03
5.532344662972330518e+00 -1.806282486236944138e-03
5.541769440933220103e+00 -1.819582042233682407e-03
5.551194218893964916e+00 -1.830930830919928276e-03
5.560618996854786111e+00 -1.841665112385902376e-03
5.570043774815524706e+00 -1.853512462653573306e-03
5.579468552776273071e+00 -1.866287264275516946e-03
5.588893330737089826e+00 -1.878431167397356461e-03
5.598318108697923456e+00 -1.888499169892495768e-03
5.607742886658708237e+00 -1.896547620430109578e-03
5.617167664619589829e+00 -1.904227920619131799e-03
5.626592442580280462e+00 -1.912515388936874075e-03
5.636017220541048367e+00 -1.920843655971665211e-03
5.645441998501787850e+00 -1.927696447839975617e-03
5.654866776462596611e+00 -1.932008938599245234e-03
5.664291554423347641e+00 -1.934557032010854414e-03
5.673716332384040051e+00 -1.936689683462737913e-03
5.683141110344764435e+00 -1.938866327787312077e-03
5.692565888305558097e+00 -1.940261615959155625e-03
5.701990666266370411e+00 -1.939379490986326438e-03
5.711415444227111671e+00 -1.935952194068650588e-03
5.720840222187728585e+00 -1.930965198955520443e-03
5.730265000148477839e+00 -1.925417960892599227e-03
5.739689778109214657e+00 -1.919414970403132128e-03
5.749114556070054505e+00 -1.911760005381212815e-03
5.758539334030882806e+00 -1.901489317472821383e-03
5.767964111991697784e+00 -1.888875114255939491e-03
5.777388889952444373e+00 -1.874858648598014352e-03
5.786813667913214054e+00 -1.860228905111166366e-03
5.796238445873968637e+00 -1.844520047442587069e-03
5.805663223834705455e+00 -1.826627551833274327e-03
5.815088001795583494e+00 -1.806175387662945289e-03
5.824512779756333636e+00 -1.783646719082540751e-03
5.833937557717081113e+00 -1.760032870280690311e-03
5.843362335677898756e+00 -1.735622671225938145e-03
5.852787113638681760e+00 -1.709642636103276539e-03
5.862211891599472757e+00 -1.681391561673682353e-03
5.871636669560158950e+00 -1.650814640881661556e-03
5.881061447520913532e+00 -1.618672133864184313e-03
5.890486225481697424e+00 -1.585726787498982233e-03
5.899911003442548818e+00 -1.551751235824328900e-03
5.909335781403264320e+00 -1.516075135418273791e-03
5.918760559363943408e+00 -1.478272449767489404e-03
5.928185337324689108e+00 -1.438662519992877373e-03
5.937610115285592016e+00 -1.398112445833407051e-03
5.947034893246391896e+00 -1.356906553261347714e-03
5.956459671207124273e+00 -1.314644389088387606e-03
5.965884449167902837e+00 -1.270777356053751648e-03
5.975309227128682288e+00 -1.225192474494600460e-03
5.984734005089513253e+00 -1.178562229452148006e-03
5.994158783050398398e+00 -1.131499650903265534e-03
6.003583561011209824e+00 -1.083971307137854842e-03
6.013008338971973288e+00 -1.035527915506626300e-03
6.022433116932742969e+00 -9.857710477673752112e-04
6.031857894893524197e+00 -9.350122991257278074e-04
6.041282672854283220e+00 -8.839463322760521963e-04
6.050707450815070665e+00 -8.328753184069127716e-04
6.060132228775810148e+00 -7.815956427401384021e-04
6.069557006736561178e+00 -7.296337149628999040e-04
6.078981784697282897e+00 -6.769302907070618965e-04
6.088406562658097876e+00 -6.240310122551381367e-04
6.097831340618888873e+00 -5.714362765425734904e-04
6.107256118579625692e+00 -5.192264044606996519e-04
6.116680896540420243e+00 -4.670454023023115522e-04
6.126105674501198806e+00 -4.145903498933102343e-04
6.135530452462004902e+00 -3.621257770128332321e-04
6.144955230422771031e+00 -3.101664215947522846e-04
6.154380008383634859e+00 -2.590071819996884409e-04
6.163804786344422304e+00 -2.085113567325643424e-04
6.173229564305104056e+00 -1.583196768712366587e-04
6.182654342265955449e+00 -1.084191324120837457e-04
6.192079120226752664e+00 -5.918660030734124974e-05
6.201503898187446850e+00 -1.100185963808031226e-05
6.210928676148101069e+00 3.606387843326306345e-05
6.220353454108846769e+00 8.227452697479030756e-05
6.229778232069291377e+00 1.278124502161904076e-04
6.239203010029666707e+00 1.725085465061115873e-04
6.248627787990274740e+00 2.160283925435403966e-04
6.258052565950454671e+00 2.581807114318862735e-04
6.267477343911375343e+00 2.990723122276867920e-04
6.276902121872229401e+00 3.389085876616092230e-04
6.286326899833135862e+00 3.777040028836009381e-04
6.295751677794127588e+00 4.152630819845379989e-04
6.305176455754967435e+00 4.513928128787499387e-04
6.314601233715626982e+00 4.860775883723118785e-04
6.324026011676415315e+00 5.194267976783055940e-04
6.333450789637164569e+00 5.515271508240059605e-04
6.342875567597567432e+00 5.823428877236996870e-04
6.352300345558145267e+00 6.117878841464902085e-04
6.361725123518930936e+00 6.398413854150748975e-04
6.371149901479799205e+00 6.664954704771542185e-04
6.380574679440639052e+00 6.917612778087821020e-04
6.389999457401406069e+00 7.156764337391124942e-04
6.399424235362224600e+00 7.382950154244220797e-04
6.408849013322991617e+00 7.597289103000048503e-04
6.418273791283798602e+00 7.799685065939377217e-04
6.427698569244639337e+00 7.988764722776309701e-04
6.437123347205540469e+00 8.164083676479685133e-04
6.446548125166239984e+00 8.326703459863845974e-04
6.455972903127005225e+00 8.479563598965390815e-04
6.465397681087801551e+00 8.624418212930600684e-04
6.474822459048446888e+00 8.759262740134055687e-04
6.484247237009215681e+00 8.881707611435340263e-04
6.493672014969956940e+00 8.991654532050408254e-04
6.503096792930663561e+00 9.092853219075483799e-04
6.512521570891363965e+00 9.190112230430280173e-04
6.521946348852048381e+00 9.282941059556089509e-04
6.531371126812845596e+00 9.367273718778212259e-04
6.540795904773640146e+00 9.440378165061821120e-04
6.550220682734462230e+00 9.504639884783183191e-04
6.559645460695229247e+00 9.567418865999762628e-04
6.569070238655956295e+00 9.632012042634166289e-04
6.578495016616714430e+00 9.694566925451817340e-04
6.587919794577521415e+00 9.749428758424545692e-04
6.597344572538363927e+00 9.795238315354543642e-04
6.606769350499212656e+00 9.839458360990155014e-04
6.616194128460040957e+00 9.890167491524324769e-04
6.625618906420823961e+00 9.946680282182456499e-04
6.635043684381538576e+00 1.000198971679937135e-03
6.644468462342191017e+00 1.004965873268196062e-03
6.653893240303010437e+00 1.009346267095122002e-03
6.663318018263776565e+00 1.014474598898531914e-03
6.672742796224491180e+00 1.020858908227230324e-03
6.682167574185285730e+00 1.028009118855604262e-03
6.691592352145991462e+00 1.034883840193637434e-03
6.701017130106775355e+00 1.041146053486953103e-03
6.710441908067656058e+00 1.047822875849086519e-03
6.719866686028291625e+00 1.056011501840239215e-03
6.729291463989013344e+00 1.065823895547269836e-03
6.738716241949719965e+00 1.076233882151825120e-03
6.748141019910506522e+00 1.086125721559001635e-03
6.757565797871357027e+00 1.095874848875826989e-03
6.766990575832156019e+00 1.106807862180060435e-03
6.776415353792854646e+00 1.119803380024164642e-03
6.785840131753683835e+00 1.134408505810428642e-03
6.795264909714493484e+00 1.149090357001985229e-03
6.804689687675194776e+00 1.163237482846448062e-03
6.814114465635959128e+00 1.177799974371126091e-03
6.823539243596795423e+00 1.194176036598932353e-03
6.832964021557512702e+00 1.212876557143111912e-03
6.842388799518270837e+00 1.232630778005702147e-03
6.851813577478994333e+00 1.251956761132706373e-03
6.861238355439718717e+00 1.270878663923130907e-03
6.870663133400506162e+00 1.290697034092092585e-03
6.880087911361270514e+00 1.312840151426574202e-03
6.889512689322100591e+00 1.336994712045431934e-03
6.898937467282888925e+00 1.361417808684648942e-03
6.908362245243694133e+00 1.385044451677755733e-03
6.917787023204394536e+00 1.408342883313409323e-03
6.927211801165182870e+00 1.433070791939060817e-03
6.936636579126014723e+00 1.460186313277193502e-03
6.946061357086824373e+00 1.488566301972173806e-03
6.955486135047598495e+00 1.516496402095470191e-03
6.964910913008281135e+00 1.543183361605182267e-03
6.974335690969120094e+00 1.569779975850283922e-03
6.983760468929849807e+00 1.598143039448328070e-03
6.993185246890559092e+00 1.628433567818558109e-03
7.002610024851295023e+00 1.659217608623157671e-03
7.012034802812054046e+00 1.688692037035829149e-03
7.021459580772861031e+00 1.716631927569361961e-03
7.030884358733577422e+00 1.744806252150040652e-03
7.040309136694345327e+00 1.774613037076413309e-03
7.049733914655116784e+00 1.805814358315629541e-03
7.059158692615862485e+00 1.836548966527411838e-03
7.068583470576584205e+00 1.865151968768934219e-03
7.078008248537325464e+00 1.892231946030373474e-03
7.087433026498023203e+00 1.919548239820344660e-03
7.096857804458712948e+00 1.948307784866350114e-03
7.106282582419444438e+00 1.977758662832666391e-03
7.115707360380239876e+00 2.005644737461806902e-03
7.125132138340977583e+00 2.030974834579657180e-03
7.134556916301737495e+00 2.054641969539932125e-03
7.143981694262575566e+00 2.078563812608449132e-03
7.153406472223306167e+00 2.103695352427969664e-03
7.162831250184093612e+00 2.128533627141124783e-03
7.172256028144868623e+00 2.151087380649063796e-03
7.181680806105567250e+00 2.170626993461005454e-03
7.191105584066300516e+00 2.188428504961693628e-03
7.200530362027071085e+00 2.206652387527693448e-03
7.209955139987771489e+00 2.225529759275363898e-03
7.219379917948685943e+00 2.243458373147897821e-03
7.228804695909446743e+00 2.258428539732103453e-03
7.238229473870181785e+00 2.269978538506385070e-03
7.247654251830849326e+00 2.280036170290867820e-03
7.257079029791667857e+00 2.290385099043007119e-03
7.266503807752529021e+00 2.301105764497330362e-03
7.275928585713304919e+00 2.310336233980544215e-03
7.285353363674016869e+00 2.315941996024392917e-03
7.294778141634832735e+00 2.318177338430467069e-03
7.304202919595626398e+00 2.318936630621473184e-03
7.313627697556452922e+00 2.320079224622131290e-03
7.323052475517304316e+00 2.321477883508922882e-03
7.332477253478145052e+00 2.320771618237544177e-03
7.341902031438905851e+00 2.316302369668130860e-03
7.351326809399540529e+00 2.308370004929763755e-03
7.360751587360299553e+00 2.299171376638307809e-03
7.370176365321085221e+00 2.290682459114506443e-03
7.379601143281851350e+00 2.282180426583623432e-03
7.389025921242659223e+00 2.271502271597037725e-03
7.398450699203467984e+00 2.256849416991285259e-03
7.407875477164258093e+00 2.238796049729676468e-03
7.417300255125032216e+00 2.219984821896814429e-03
7.426725033085751271e+00 2.201984864313609978e-03
7.436149811046520952e+00 2.184225630564808843e-03
7.445574589007309285e+00 2.164204862528457812e-03
7.454999366968047880e+00 2.140118922440603817e-03
7.464424144928818450e+00 2.113057612898493458e-03
7.473848922889576585e+00 2.085458495672862234e-03
7.483273700850322285e+00 2.059228791141203951e-03
7.492698478811018248e+00 2.033496285720680277e-03
7.502123256771750626e+00 2.005485456757782631e-03
7.511548034732555834e+00 1.973744968641956508e-03
7.520972812693289988e+00 1.939135672249731393e-03
7.530397590654017037e+00 1.904593091261950685e-03
7.539822368614819581e+00 1.871968515502664323e-03
7.549247146575634559e+00 1.840082837566658870e-03
7.558671924536536579e+00 1.806369433596826356e-03
7.568096702497299155e+00 1.768935951532934168e-03
7.577521480458034198e+00 1.729062681019827947e-03
7.586946258418858058e+00 1.689823287419471489e-03
7.596371036379649944e+00 1.652918460552954029e-03
7.605795814340400085e+00 1.617466728843062421e-03
7.615220592301202629e+00 1.580326733437821063e-03
7.624645370262006061e+00 1.539784998555961647e-03
7.634070148222811270e+00 1.497205822129228344e-03
7.643494926183569405e+00 1.455570921216471376e-03
7.652919704144439450e+00 1.417093577102801656e-03
7.662344482105227783e+00 1.380430651189529147e-03
7.671769260065897100e+00 1.342505836048106527e-03
7.681194038026717408e+00 1.301536835697180133e-03
7.690618815987523504e+00 1.258631661719170850e-03
7.700043593948305620e+00 1.217345920245864856e-03
7.709468371909026452e+00 1.179614612322673305e-03
7.718893149869667347e+00 1.144254411395743791e-03
7.728317927830492984e+00 1.108121751726488455e-03
7.737742705791317732e+00 1.068979594378944133e-03
7.747167483752040340e+00 1.028377443465302698e-03
7.756592261712611958e+00 9.896201959607368696e-04
7.766017039673362099e+00 9.549141424238574965e-04
7.775441817634115793e+00 9.231849851496936633e-04
7.784866595595172356e+00 8.908026921057451107e-04
7.794291373555809699e+00 8.558370915143644715e-04
7.803716151516378652e+00 8.194633641942155678e-04
7.813140929476927177e+00 7.852013016774607012e-04
7.822565707437764360e+00 7.555196349361712003e-04
7.831990485398630852e+00 7.289674338548755980e-04
7.841415263359498233e+00 7.022485995817704524e-04
7.850840041320259921e+00 6.729846288706063662e-04
7.860264819281033155e+00 6.424006968852765927e-04
7.869689597241936951e+00 6.142780476942519795e-04
7.879114375202775022e+00 5.907609517245750869e-04
7.888539153163639739e+00 5.708326209480608319e-04
7.897963931124364123e+00 5.508144318262646897e-04
7.907388709085178213e+00 5.282781503986855570e-04
7.916813487045633480e+00 5.046615965081322755e-04
7.926238265006208650e+00 4.833723296010047801e-04
7.935663042966987213e+00 4.670197160590593187e-04
7.945087820927884792e+00 4.543058235731483262e-04
7.954512598888469732e+00 4.414820266706818703e-04
7.963937376849166583e+00 4.263378384778328950e-04
7.973362154809898072e+00 4.098772238058112920e-04
7.982786932770665977e+00 3.959369308783931927e-04
7.992211710731392138e+00 3.869058490211992074e-04
8.001636488692108529e+00 3.813975991168853962e-04
8.011061266653017654e+00 3.759311696867544779e-04
8.020486044613816645e+00 3.678524513255972844e-04
8.029910822574562346e+00 3.585643897962871173e-04
8.039335600535288506e+00 3.517259753293524357e-04
8.048760378496043089e+00 3.495734309832399227e-04
8.058185156456810105e+00 3.510008392542317778e-04
8.067609934417479423e+00 3.520788801893439627e-04
8.077034712378244663e+00 3.505527126804750329e-04
8.086459490338986811e+00 3.477551447482648541e-04
8.095884268299867514e+00 3.471644173500874442e-04
8.105309046260664729e+00 3.512823931311109598e-04
8.114733824221502800e+00 3.584806088977934022e-04
8.124158602182172118e+00 3.651496948653499891e-04
8.133583380142926700e+00 3.690832081157427685e-04
8.143008158103686611e+00 3.714958116147315916e-04
8.152432936064485602e+00 3.762139126631628967e-04
8.161857714025137156e+00 3.851676722031314895e-04
8.171282491985971674e+00 3.968576864610684615e-04
8.180707269946742244e+00 4.077190751592773654e-04
8.190132047907535906e+00 4.154645084684107596e-04
8.199556825868485888e+00 4.218454020549183402e-04
8.208981603829144547e+00 4.302360919810893766e-04
8.218406381789835180e+00 4.425325395387540986e-04
8.227831159750470746e+00 4.571432806461064218e-04
8.237255937711331910e+00 4.702780389940885292e-04
8.246680715672161099e+00 4.803162568364088576e-04
8.256105493632839298e+00 4.888484230152667556e-04
8.265530271593517497e+00 4.992699457476501091e-04
8.274955049554316489e+00 5.133148800934476215e-04
8.284379827515103045e+00 5.288462153875834451e-04
8.293804605475793679e+00 5.425911270056285986e-04
8.303229383436585564e+00 5.529859005146242189e-04
8.312654161397391661e+00 5.618842566294952314e-04
8.322078939358300786e+00 5.727535289465479759e-04
8.331503717319112212e+00 5.865858523559119072e-04
8.340928495279907651e+00 6.013869727374707369e-04
8.350353273240729735e+00 6.138438867425992547e-04
8.359778051201487870e+00 6.227654237322114870e-04
8.369202829162322388e+00 6.305152011253175757e-04
8.378627607123030785e+00 6.399930769079406785e-04
8.388052385083783591e+00 6.520737901202790752e-04
8.397477163044502646e+00 6.644092630226697532e-04
8.406901941005420653e+00 6.738030916804397695e-04
8.416326718966098852e+00 6.798669510901465254e-04
8.425751496926883632e+00 6.848387282674917812e-04
8.435176274887711045e+00 6.916061075707001689e-04
8.444601052848367928e+00 7.005092961057339919e-04
8.454025830809285935e+00 7.087888960581006752e-04
8.463450608769981898e+00 7.139262968036451731e-04
8.472875386730606806e+00 7.157593942814443558e-04
8.482300164691318756e+00 7.168991001744440521e-04
8.491724942652139063e+00 7.199403481931753238e-04
8.501149720612955818e+00 7.243969612475049686e-04
8.510574498573923563e+00 7.277058018651523345e-04
8.519999276534591104e+00 7.275320811603774905e-04
8.529424054495335028e+00 7.243735078819150703e-04
8.538848832456015003e+00 7.211333838315372958e-04
8.548273610416899260e+00 7.196143011782532746e-04
8.557698388377717791e+00 7.190605507187789467e-04
8.567123166338596718e+00 7.166970654225744480e-04
8.576547944299280246e+00 7.107202198649313542e-04
8.585972722260033052e+00 7.024735180063084285e-04
8.595397500220759213e+00 6.945423483361457678e-04
8.604822278181583073e+00 6.883584614924480143e-04
8.614247056142293246e+00 6.825343195797772952e-04
8.623671834103095790e+00 6.742632583069311071e-04
8.633096612063873465e+00 6.627332172813480641e-04
8.642521390024814565e+00 6.495702354374695720e-04
8.651946167985490987e+00 6.373312940327831343e-04
8.661370945946142541e+00 6.267612657873193301e-04
8.670795723906888242e+00 6.157554778323240038e-04
8.680220501867704996e+00 6.021067198812850470e-04
8.689645279828585700e+00 5.855961015234987773e-04
8.699070057789406007e+00 5.683291049611164172e-04
8.708494835750308027e+00 5.526202147879324261e-04
8.717919613711092808e+00 5.381413264444006011e-04
8.727344391671907786e+00 5.227089046203265473e-04
8.736769169632683685e+00 5.045470240436551344e-04
8.746193947593413398e+00 4.841848432478345937e-04
8.755618725554239035e+00 4.641740861382524872e-04
8.765043503514915457e+00 4.459446408334139878e-04
8.774468281475691356e+00 4.285360566371712219e-04
8.783893059436440609e+00 4.097187805770049931e-04
8.793317837397308878e+00 3.882975800221670276e-04
8.802742615358077671e+00 3.657894962933516745e-04
8.812167393318864228e+00 3.444716471772673997e-04
8.821592171279643679e+00 3.249873994970182002e-04
8.831016949240378722e+00 3.058498138130039297e-04
8.840441727201113764e+00 2.848816122040017523e-04
8.849866505161950059e+00 2.619868209164232398e-04
8.859291283122772143e+00 2.391219022169441830e-04
8.868716061083381064e+00 2.180571697562720711e-04
8.878140839044045052e+00 1.987057181641459930e-04
8.887565617004803187e+00 1.790135874538599189e-04
8.896990394965548887e+00 1.575274653846481883e-04
8.906415172926369195e+00 1.350714141754870467e-04
8.915839950887139764e+00 1.136225655174080798e-04
8.925264728847883688e+00 9.439507879841136555e-05
8.934689506808505044e+00 7.633449114870905590e-05
8.944114284769369760e+00 5.742974627094378569e-05
8.953539062730314413e+00 3.720011697509166429e-05
8.962963840691132944e+00 1.699031602709155875e-05
8.972388618652004766e+00 -1.330716931472004377e-06
8.981813396612981393e+00 -1.751218004515557724e-05
8.991238174573743080e+00 -3.324060963705570171e-05
9.000662952534435490e+00 -4.991801716696221361e-05
9.010087730495031977e+00 -6.726044148470517435e-05
9.019512508455781230e+00 -8.354325533339098265e-05
9.028937286416818253e+00 -9.747613818383548128e-05
9.038362064377631455e+00 -1.098164794723968245e-04
9.047786842338382485e+00 -1.222157589098413362e-04
9.057211620299378652e+00 -1.353941549881229741e-04
9.066636398260216723e+00 -1.483845018389346056e-04
9.076061176220548532e+00 -1.594929120933956401e-04
9.085485954181574897e+00 -1.684084877937435667e-04
9.094910732142338361e+00 -1.763757619245436307e-04
9.104335510103348739e+00 -1.846764408425925113e-04
9.113760288064138848e+00 -1.933049805893133257e-04
9.123185066024797507e+00 -2.008517685442757648e-04
9.132609843985401099e+00 -2.062601896184116236e-04
9.142034621946139694e+00 -2.100089790666448408e-04
9.151459399906944014e+00 -2.133713518329512693e-04
9.160884177867629319e+00 -2.170786976035821028e-04
9.170308955828648578e+00 -2.204228519058168976e-04
9.179733733789539940e+00 -2.221458887035914116e-04
9.189158511750358471e+00 -2.219942675248321373e-04
9.198583289710997590e+00 -2.208222997322927450e-04
9.208008067671778818e+00 -2.196574095692909996e-04
9.217432845632419713e+00 -2.185302507150949081e-04
9.226857623593014424e+00 -2.164543991419226772e-04
9.236282401553886245e+00 -2.127390496728278734e-04
9.245707179514781160e+00 -2.076819524352024079e-04
9.255131957475551729e+00 -2.021914945673392060e-04
9.264556735436208612e+00 -1.967944579912909964e-04
9.273981513397016485e+00 -1.910216582407493822e-04
9.283406291357602313e+00 -1.841249748755724946e-04
9.292831069318102877e+00 -1.759518606359531659e-04
9.302255847278763312e+00 -1.670415098222890289e-04
9.311680625239612041e+00 -1.580485903035701463e-04
9.321105403200416362e+00 -1.489921113925352775e-04
9.330530181161085679e+00 -1.393755006120296267e-04
9.339954959121895328e+00 -1.288684169218475505e-04
9.349379737082582409e+00 -1.176279457067164733e-04
9.358804515043290806e+00 -1.061190180970538220e-04
9.368229293004130653e+00 -9.458974215526160163e-05
9.377654070965322219e+00 -8.288831668800142143e-05
9.387078848926741159e+00 -7.079455072116025785e-05
9.396503626886879346e+00 -5.828758000317263920e-05
9.405928404847321289e+00 -4.554237274731580003e-05
9.415353182807741916e+00 -3.272246814808355448e-05
9.424777960767784180e+00 -1.986447939985737146e-05
